-2e-3 -1e-4
0.001 0.007
0.001 0.007
0.02  0.1
1 5
2 8
0.5 2
350 1400
-8.812500e-04 4.131094e-03 6.717850e-03 7.671875e-02 1.120702e+00 2.000000e+00 8.609376e-01 3.639375e+02  6.408000e-01 
-7.781250e-04 3.803208e-03 6.227789e-03 7.867188e-02 1.107423e+00 2.000000e+00 8.327776e-01 3.633438e+02  7.041670e-01 
-9.250000e-04 4.154062e-03 6.775900e-03 7.468750e-02 1.118634e+00 2.000000e+00 8.633156e-01 3.626250e+02  7.204990e-01 
-8.750000e-04 4.108125e-03 6.659800e-03 7.562500e-02 1.122769e+00 2.000000e+00 8.585597e-01 3.652500e+02  6.395520e-01 
-9.750000e-04 4.200000e-03 6.892000e-03 7.375000e-02 1.114500e+00 2.000000e+00 8.680716e-01 3.600000e+02  8.216580e-01 
-1.175000e-03 3.687925e-03 6.446932e-03 7.937500e-02 1.100188e+00 2.000000e+00 8.664858e-01 3.600000e+02  7.185630e-01 
-1.000000e-04 4.145446e-03 6.733003e-03 7.620911e-02 1.122812e+00 2.000000e+00 8.626397e-01 3.646233e+02  3.114078e+02 
-1.000000e-04 4.070503e-03 6.649532e-03 7.628174e-02 1.118368e+00 2.000000e+00 8.584215e-01 3.637588e+02  3.115713e+02 
-8.781250e-04 4.119609e-03 6.688825e-03 7.617188e-02 1.121735e+00 2.000000e+00 8.597487e-01 3.645938e+02  9.198376e+00 
